1.2111438015128773